[267, 0, 20]
[267, -4, 21]
[258, -14, 15]
[264, -32, 19]
[261, -36, 22]
[261, -51, 22]
[258, -64, 27]
[258, -75, 28]
[267, -110, 16]
[270, -110, 17]
[276, -75, 15]
[276, -61, 20]
[277, -67, 27]
[275, -84, 35]
[282, -85, 29]
[285, -75, 24]
[278, -78, 33]
[268, -79, 30]
[272, -69, 35]
[263, -71, 30]
[256, -72, 35]
[246, -70, 28]
[242, -90, 23]
[228, -112, 23]
[211, -117, 21]
[217, -100, 23]
[212, -90, 22]
[216, -99, 22]
[215, -107, 25]
[216, -103, 20]
[224, -114, 29]
[209, -131, 24]
[208, -138, 20]
[209, -150, 20]
[210, -141, 22]
[208, -144, 20]
[211, -143, 19]
[218, -130, 20]
[214, -121, 24]
[218, -125, 21]
[233, -105, 17]
[235, -88, 18]
[240, -60, 19]
[251, -36, 14]
[263, -30, 15]
[269, -5, -2]
[290, -18, 15]
[293, -18, 3]
[305, -17, 4]
[317, -7, 20]
[311, -10, 13]
[309, 8, 17]
[309, 31, 20]
[304, 45, 18]
[306, 56, 17]
[297, 45, 8]
[295, 92, 11]
[279, 112, 1]
[265, 104, -11]
[278, 94, 1]
[255, 113, 2]
[246, 154, -1]
[245, 158, 0]
[243, 136, 0]
[229, 119, 0]
[220, 140, 3]
[217, 158, 6]
[214, 147, 7]
[207, 137, 12]
[212, 114, 17]
[203, 131, 10]
[210, 148, 19]
[212, 141, 11]
[217, 123, 20]
[209, 118, 16]
[208, 111, 18]
[209, 122, 19]
[223, 137, 16]
[237, 119, 21]
[236, 120, 19]
[242, 88, 20]
[252, 79, 21]
[253, 87, 16]
[268, 124, 26]
[268, 138, 20]
[287, 66, 14]
[305, 41, 17]
[227, 55, 6]
[296, -9, 43]
[292, -11, 10]
[306, -20, 14]
[309, -31, 16]
[312, -35, 8]
[320, -65, 11]
[322, -64, 9]
[329, -21, -2]
[326, -3, 8]
[320, -20, 9]
[299, -24, 14]
[278, -5, 6]
[277, -60, 20]
[268, -23, 23]
[248, -25, 26]
[238, -37, 29]
[234, -42, 42]
[231, -62, 39]
[214, -65, 29]
[213, -74, 41]
[211, -46, 26]
[210, -67, 32]
[217, -71, 39]
[227, -66, 39]
[237, -42, 35]
[222, -41, 23]
[255, -12, 33]
[259, 22, 27]
[254, 41, 8]
[272, 53, -6]
[314, 81, 16]
[323, 58, -3]
[310, 59, -17]
[325, 54, -16]
[323, 98, -23]
[320, 129, -21]
[315, 106, -28]
[333, 87, -18]
[314, 124, -5]
[284, 154, -29]
[283, 121, -11]
[293, 95, 2]
[247, 129, -14]
[242, 141, -14]
[246, 164, -5]
[236, 139, 1]
[225, 131, 4]
[205, 130, -1]
[202, 137, -4]
[194, 135, -6]
[196, 100, -1]
[195, 89, 8]
[190, 114, 4]
[199, 133, 0]
[204, 111, 2]
[217, 88, 4]
[224, 67, -3]
[252, 51, 8]
[260, 77, 2]
[275, 92, -8]
[323, 69, 13]
[314, 100, 4]
[311, 99, -8]
[323, 53, 7]
[325, -16, 4]
[327, -14, -11]
[345, 12, 1]
[341, 29, -1]
[338, 24, 3]
[331, 3, 12]
[322, 9, 12]
[292, 0, 8]
[275, 7, 4]
[275, 0, 19]
[258, -4, 18]
[244, -57, 6]
[242, -33, 20]
[230, -43, 24]
[230, -47, 34]
[226, -36, 29]
[229, -44, 36]
[227, -46, 31]
[229, -69, 26]
[232, -71, 32]
[240, -70, 33]
[244, -51, 32]
[254, -4, 27]
[275, 56, 28]
[277, 65, 5]
[291, 69, 19]
[317, 41, 9]
[323, 34, 16]
[313, 64, -7]
[322, 61, -7]
[333, 91, 3]
[312, 87, -8]
[321, 97, -6]
[337, 94, 1]
[303, 82, -1]
[285, 93, 1]
[281, 111, 9]
[264, 120, 0]
[251, 113, -16]
[247, 118, 11]
[233, 117, 7]
[206, 115, 4]
[220, 145, 16]
[212, 136, 18]
[206, 95, 23]
[193, 87, 14]
[196, 78, 16]
[195, 108, 11]
[211, 148, 7]
[214, 172, 2]
[220, 148, 7]
[231, 110, 20]
[233, 61, 21]
[250, -5, 16]
[281, -50, 12]
[325, 29, 4]
[346, 63, 10]
[337, 58, 9]
[328, -2, 7]
[329, -30, 5]
[337, 4, 13]
[330, 12, 19]
[320, -3, 20]
[314, -25, 20]
[305, -38, 12]
[293, -42, 9]
[289, -12, 25]
[281, -13, 24]
[267, -32, 23]
[252, -17, 25]
[250, -22, 35]
[241, -27, 36]
[230, -40, 38]
[226, -57, 41]
[228, -64, 40]
[223, -48, 43]
[224, -49, 42]
[230, -66, 44]
[231, -69, 38]
[237, -68, 43]
[238, -51, 34]
[250, -34, 34]
[254, -34, 27]
[272, 2, 30]
[284, 22, 22]
[287, 25, 22]
[294, 20, 15]
[322, 45, 16]
[328, 99, 27]
[329, 113, 18]
[336, 56, 2]
[338, 42, 25]
[321, 70, 14]
[306, 96, 14]
[306, 98, 20]
[292, 85, 24]
[276, 105, 39]
[250, 141, 27]
[233, 150, 20]
[244, 119, 39]
[215, 123, 25]
[200, 134, 27]
[204, 151, 35]
[192, 132, 35]
[180, 120, 26]
[185, 118, 34]
[191, 144, 37]
[179, 163, 25]
[190, 143, 30]
[198, 135, 31]
[195, 107, 22]
[210, 110, 29]
[221, 117, 27]
[232, 82, 21]
[255, 34, 26]
[271, 32, 18]
[306, 55, 28]
[316, 79, 28]
[320, 81, 34]
[315, 53, 25]
[310, 0, 14]
[310, -28, 13]
[314, -61, 14]
[307, -50, 0]
[330, -9, 9]
[328, -20, 18]
[318, -8, 14]
[301, -24, 17]
[303, -29, 20]
[284, -22, 23]
[282, -31, 20]
[270, -40, 26]
[253, -31, 29]
[251, -17, 33]
[241, -23, 41]
[229, -19, 39]
[218, -41, 39]
[220, -46, 40]
[224, -49, 44]
[228, -52, 43]
[226, -71, 44]
[228, -65, 42]
[237, -51, 44]
[247, -21, 42]
[254, -2, 37]
[271, 0, 29]
[281, -15, 26]
[291, -6, 35]
[300, -1, 28]
[314, 40, 29]
[320, 57, 28]
[322, 62, 23]
[328, 49, 19]
[330, 42, 13]
[317, 78, 10]
[320, 92, 13]
[314, 94, 9]
[297, 82, 10]
[280, 80, 12]
[269, 117, 26]
[239, 134, 5]
[241, 146, 13]
[212, 136, 10]
[219, 139, 15]
[203, 131, 15]
[200, 119, 26]
[190, 129, 22]
[182, 124, 21]
[188, 139, 23]
[185, 123, 18]
[195, 103, 22]
[197, 76, 7]
[222, 39, 7]
[250, 121, 10]
[237, 187, -9]
[260, 143, 0]
[270, 69, 1]
[274, 29, -4]
[294, 76, 2]
[292, 83, -1]
[302, 68, 3]
[303, -40, 3]
[309, -46, -12]
[322, 27, -8]
[328, 47, 4]
[311, -11, -2]
[320, -67, -1]
[315, -75, -13]
[313, -37, -11]
[330, -3, 12]
[313, -17, 7]
[285, -9, 9]
[261, 1, 10]
[248, -50, 9]
[258, -36, 29]
[240, -56, 17]
[215, -60, 36]
[209, -65, 26]
[231, -87, 38]
[233, -108, 39]
[213, -102, 35]
[205, -112, 30]
[219, -103, 37]
[220, -102, 32]
[223, -93, 30]
[230, -75, 29]
[248, -44, 29]
[257, -41, 23]
[265, -16, 21]
[295, 4, 30]
[308, 25, 16]
[305, 13, 5]
[324, 25, 11]
[345, 49, 25]
[327, 41, 10]
[324, 58, 9]
[330, 65, 19]
[317, 118, 12]
[305, 126, 6]
[307, 122, 13]
[296, 94, 22]
[261, 120, 20]
[256, 121, 21]
[245, 134, 17]
[225, 142, 17]
[210, 98, 19]
[207, 110, 25]
[190, 134, 19]
[191, 35, 30]
[170, 132, 21]
[190, 185, 20]
[170, 164, 8]
[187, 139, 24]
[185, 132, 18]
[192, 123, 23]
[211, 132, 28]
[222, 163, 28]
[223, 169, 17]
[255, 144, 29]
[255, 103, 26]
[251, 57, 25]
[289, 64, 24]
[306, 99, 22]
[318, 90, 27]
[321, 48, 25]
[334, 43, 27]
[409, -112, -24]
[329, 33, 63]
[365, -28, -75]
[258, 109, 44]
[296, 73, -5]
[296, 33, 11]
[282, 0, 21]
[273, -1, 29]
[271, -7, 44]
[251, -3, 36]
[242, -4, 34]
[237, -63, 33]
[240, -60, 35]
[234, -58, 44]
[227, -52, 35]
[227, -39, 28]
[218, -42, 35]
[237, -65, 38]
[237, -53, 37]
[239, -29, 36]
[247, -1, 29]
[259, -53, 25]
[270, -37, 26]
[279, -4, 21]
[286, 38, 12]
[304, 23, 20]
[310, 66, 18]
[322, 66, 7]
[332, 94, 7]
[326, 113, -2]
[337, 90, 10]
[329, 88, 13]
[318, 95, 11]
[315, 101, 7]
[272, 98, 5]
[284, 85, 20]
[265, 115, 18]
[224, 116, -4]
[235, 132, 18]
[207, 123, 9]
[209, 126, 6]
[200, 121, 8]
[186, 131, 5]
[187, 127, 16]
[191, 136, 16]
[188, 149, 8]
[195, 178, 6]
[196, 188, 4]
[199, 166, 6]
[214, 141, 16]
[208, 117, 20]
[212, 122, 21]
[242, 86, -12]
[307, 74, 38]
[261, 145, -1]
[293, 72, 17]
[319, 88, 23]
[305, 99, 8]
[318, 125, 10]
[312, 112, 22]
[296, 94, 22]
[309, 52, 25]
[314, 48, 26]
[300, 53, 20]
[292, 50, 15]
[287, 26, 30]
[279, 13, 28]
[271, 7, 41]
[252, -21, 27]
[250, -38, 24]
[262, -40, 32]
[243, -44, 43]
[238, -42, 28]
[243, -68, 34]
[246, -68, 58]
[220, -67, 56]
[211, -55, 42]
[228, -108, 41]
[232, -114, 46]
[221, -94, 38]
[225, -89, 47]
[231, -81, 45]
[230, -52, 42]
[233, -38, 35]
[250, -65, 30]
[256, -39, 42]
[247, 21, 32]
[268, 31, 33]
[294, 21, 28]
[309, 30, 21]
[313, 30, 30]
[292, 48, 13]
[311, 54, 19]
[321, 62, 21]
[332, 86, 22]
[314, 75, 25]
[305, 84, 0]
[285, 126, 19]
[289, 145, 11]
[286, 97, 25]
[256, 115, 14]
[254, 130, 25]
[242, 149, 26]
[212, 143, 6]
[221, 146, -7]
[201, 139, 17]
[188, 146, 16]
[187, 138, 11]
[191, 129, 18]
[194, 106, 21]
[194, 93, 20]
[205, 114, 18]
[215, 141, 19]
[215, 142, 12]
[250, 104, 21]
[249, 64, 18]
[283, 67, 25]
[280, 108, 22]
[292, 93, 13]
[314, 52, 21]
[321, 31, 22]
[324, 31, 14]
[334, 54, 19]
[331, 64, 24]
[318, 45, 20]
[316, 2, 28]
[312, -128, 147]
[290, 122, 17]
[250, 90, 16]
[241, 38, 18]
[254, 86, -23]
[287, -96, -1]
[245, -123, 62]
[232, -45, 25]
[244, -84, 55]
[227, -76, 40]
[220, -99, 44]
[208, -102, 40]
[215, -91, 47]
[216, -90, 47]
[216, -116, 42]
[211, -127, 37]
[209, -117, 36]
[222, -115, 43]
[231, -93, 47]
[236, -52, 39]
[243, -22, 37]
[252, -49, 30]
[264, -47, 34]
[275, -1, 36]
[286, 54, 34]
[303, 46, 24]
[321, 11, 25]
[330, 6, 24]
[320, 44, 25]
[309, 72, 19]
[311, 93, 21]
[323, 89, 33]
[305, 67, 24]
[277, 105, 19]
[273, 129, 19]
[266, 119, 19]
[260, 97, 27]
[250, 115, 34]
[226, 138, 31]
[207, 143, 12]
[203, 153, 2]
[218, 153, 22]
[191, 127, 19]
[201, 156, 20]
[192, 179, 9]
[195, 140, 19]
[208, 105, 29]
[201, 113, 24]
[203, 132, 25]
[210, 152, 17]
[215, 142, 19]
[233, 103, 21]
[248, 72, 22]
[265, 82, 28]
[273, 114, 31]
[279, 131, 18]
[296, 99, 27]
[307, 44, 22]
[311, -6, 21]
[318, 20, 21]
[323, 60, 16]
[332, 52, 19]
[321, 46, 21]
[318, 2, 23]
[303, 25, 21]
[292, 62, 20]
[282, 69, 26]
[271, 21, 24]
[256, -42, 20]
[255, -79, 22]
[250, -104, 26]
[268, -105, 27]
[255, -55, 28]
[250, -64, 49]
[233, -69, 38]
[233, -100, 48]
[228, -60, 44]
[213, -79, 38]
[218, -76, 43]
[219, -87, 35]
[231, -96, 45]
[229, -80, 43]
[224, -72, 36]
[238, -71, 31]
[252, -63, 41]
[251, -27, 41]
[269, 20, 44]
[273, 54, 31]
[284, 39, 23]
[312, 27, 50]
[315, 40, 43]
[313, 62, 23]
[313, 59, 22]
[320, 70, 21]
[318, 76, 33]
[301, 109, 27]
[299, 130, 23]
[297, 112, 26]
[289, 86, 38]
[279, 127, 35]
[238, 123, 13]
[254, 113, 36]
[243, 125, 37]
[217, 120, 23]
[212, 125, 24]
[201, 123, 22]
[204, 118, 28]
[195, 120, 26]
[188, 150, 23]
[185, 178, 25]
[192, 158, 30]
[198, 142, 40]
[183, 157, 27]
[194, 154, 34]
[207, 145, 36]
[213, 142, 40]
[221, 132, 32]
[245, 99, 45]
[253, 77, 40]
[265, 46, 35]
[292, 60, 21]
[315, 92, 26]
[314, 66, 20]
[334, 15, 31]
[330, 2, 25]
[333, 1, 27]
[333, -9, 39]
[336, 1, 32]
[321, -9, 22]
[306, -39, 23]
[293, -37, 23]
[291, -33, 32]
[264, -29, 22]
[257, -33, 41]
[247, -53, 32]
[226, -97, 28]
[227, -82, 49]
[214, -82, 43]
[211, -73, 43]
[201, -89, 35]
[217, -96, 41]
[213, -104, 39]
[210, -100, 40]
[209, -94, 35]
[231, -91, 46]
[232, -70, 34]
[246, -29, 39]
[255, -28, 29]
[270, -36, 32]
[284, 1, 23]
[309, 17, 31]
[310, -3, 31]
[321, -11, 24]
[331, 3, 23]
[335, 48, 29]
[319, 50, 16]
[320, 65, 21]
[318, 55, 20]
[317, 59, 25]
[300, 59, 25]
[280, 71, 21]
[271, 73, 21]
[252, 96, 22]
[243, 135, 25]
[224, 138, 23]
[215, 138, 16]
[213, 126, 31]
[196, 126, 33]
[199, 104, 31]
[201, 118, 39]
[197, 148, 36]
[187, 170, 21]
[206, 146, 24]
[208, 123, 27]
[214, 98, 30]
[219, 134, 37]
[214, 188, 31]
[218, 188, 25]
[249, 115, 35]
[243, 93, 29]
[255, 81, 36]
[255, 145, 35]
[242, 170, 18]
[265, 119, 23]
[282, 54, 30]
[283, 3, 21]
[304, -15, 24]
[320, 0, 19]
[325, 10, 13]
[333, -17, 20]
[331, -28, 25]
[321, 0, 20]
[304, -3, 25]
[285, -25, 20]
[287, -21, 22]
[270, -38, 19]
[242, -72, 20]
[237, -81, 21]
[229, -105, 24]
[225, -89, 29]
[221, -97, 31]
[213, -94, 31]
[219, -96, 41]
[209, -97, 29]
[219, -106, 37]
[216, -110, 32]
[215, -122, 32]
[221, -126, 38]
[228, -95, 37]
[237, -83, 37]
[241, -74, 34]
[250, -64, 28]
[265, -49, 32]
[264, -40, 20]
[288, -16, 23]
[297, -10, 24]
[319, 44, 31]
[320, 49, 25]
[324, 28, 22]
[319, 4, 24]
[321, 52, 34]
[308, 73, 16]
[316, 85, 27]
[289, 68, 19]
[285, 75, 20]
[279, 84, 26]
[252, 106, 21]
[248, 98, 32]
[234, 121, 20]
[216, 131, 12]
[216, 128, 23]
[213, 138, 27]
[203, 128, 24]
[192, 130, 27]
[194, 134, 28]
[191, 155, 24]
[193, 171, 29]
[194, 155, 29]
[201, 135, 26]
[209, 108, 36]
[208, 118, 27]
[220, 146, 28]
[233, 155, 25]
[234, 132, 21]
[254, 66, 33]
[273, 34, 36]
[277, 52, 27]
[296, 69, 24]
[314, 63, 34]
[332, 42, 31]
[340, 63, 20]
[325, 88, 21]
[306, 71, 37]
[304, 37, 41]
[301, -13, 24]
[305, 0, 36]
[295, 3, 35]
[281, -8, 30]
[274, -1, 34]
[257, -9, 39]
[256, 9, 53]
[237, -41, 41]
[234, -57, 27]
[237, -70, 53]
[220, -46, 48]
[218, -61, 49]
[227, -53, 51]
[228, -63, 58]
[221, -71, 55]
[226, -61, 58]
[237, -61, 50]
[241, -54, 51]
[249, -11, 52]
[253, -5, 46]
[263, 12, 49]
[287, 18, 46]
[303, 55, 44]
[315, 65, 38]
[322, 61, 37]
[327, 51, 36]
[325, 55, 37]
[332, 54, 39]
[323, 92, 26]
[317, 75, 29]
[306, 75, 38]
[296, 55, 34]
[278, 62, 37]
[256, 78, 41]
[242, 128, 27]
[219, 111, 21]
[229, 101, 40]
[208, 106, 29]
[204, 91, 37]
[208, 83, 45]
[201, 124, 33]
[200, 147, 21]
[205, 153, 24]
[208, 132, 19]
[221, 113, 20]
[222, 141, 24]
[219, 168, 22]
[236, 159, 26]
[244, 111, 22]
[246, 65, 15]
[270, 62, 12]
[295, 66, 25]
[298, 78, 37]
[285, 117, 25]
[279, 126, 21]
[297, 92, 29]
[314, 10, 18]
[315, 45, 7]
[319, 51, 20]
[325, 64, 27]
[297, 66, 16]
[288, 59, 23]
[278, 34, 26]
[272, 7, 30]
[275, 3, 36]
[274, 14, 48]
[264, -15, 43]
[243, -34, 40]
[243, -41, 44]
[247, -36, 58]
[236, -63, 55]
[214, -61, 37]
[239, -63, 50]
[233, -56, 58]
[235, -62, 61]
[213, -62, 55]
[220, -69, 59]
[229, -88, 66]
[223, -82, 64]
[234, -62, 51]
[232, -59, 53]
[241, -4, 53]
[249, 6, 49]
[264, 7, 45]
[274, 0, 36]
[287, 45, 46]
[313, 57, 55]
[324, 70, 55]
[323, 62, 37]
[343, 34, 42]
[354, 49, 59]
[335, 67, 53]
[324, 95, 49]
[305, 53, 44]
[307, 43, 52]
[284, 71, 48]
[262, 80, 46]
[255, 84, 53]
[229, 79, 27]
[226, 73, 57]
[193, 62, 38]
[201, 107, 37]
[214, 131, 60]
[203, 120, 49]
[210, 94, 53]
[206, 72, 52]
[201, 86, 48]
[222, 116, 54]
[229, 146, 59]
[236, 113, 53]
[236, 77, 51]
[241, 57, 50]
[251, 38, 54]
[260, 69, 69]
[265, 122, 73]
[316, 66, 61]
[309, -84, 49]
[322, -56, 44]
[325, -25, 60]
[330, 37, 68]
[325, 44, 60]
[321, 20, 63]
[315, -13, 61]
[295, -15, 55]
[297, -29, 66]
[280, -40, 68]
[277, -3, 69]
[261, 0, 74]
[252, 1, 81]
[232, -18, 75]
[216, -17, 68]
[207, -28, 62]
[219, -43, 81]
[209, -64, 79]
[199, -64, 76]
[205, -83, 78]
[211, -87, 77]
[217, -87, 73]
[219, -115, 73]
[226, -79, 72]
[229, -55, 76]
[235, -35, 69]
[252, -13, 63]
[271, -13, 57]
[279, 13, 59]
[286, 43, 50]
[315, 60, 54]
[316, 47, 44]
[320, 40, 45]
[317, 35, 55]
[319, 56, 59]
[316, 56, 58]
[297, 49, 53]
[295, 49, 63]
[292, 38, 63]
[267, 67, 49]
[257, 77, 52]
[254, 71, 58]
[234, 124, 62]
[224, 130, 44]
[215, 122, 53]
[211, 114, 45]
[197, 143, 46]
[197, 136, 46]
[195, 126, 52]
[197, 125, 52]
[195, 119, 51]
[200, 160, 52]
[193, 194, 45]
[204, 173, 39]
[212, 150, 50]
[206, 126, 42]
[208, 122, 42]
[233, 104, 52]
[234, 111, 50]
[242, 72, 47]
[263, 49, 55]
[270, 29, 50]
[288, 23, 57]
[300, 46, 61]
[309, 62, 66]
[304, 40, 70]
[290, -8, 55]
[288, -45, 40]
[283, -208, 143]
[252, -65, 125]
[257, -184, 109]
[314, -94, 102]
[345, 88, -8]
[337, -29, -27]
[281, -101, 59]
[245, -49, 67]
[256, -37, 83]
[243, -41, 80]
[235, -33, 86]
[226, -18, 87]
[233, -61, 86]
[214, -19, 74]
[203, -8, 72]
[221, -10, 76]
[221, -34, 67]
[223, -33, 74]
[224, -43, 67]
[240, -46, 64]
[256, -9, 72]
[258, 5, 67]
[262, 16, 54]
[295, 36, 68]
[303, 54, 71]
[295, 70, 55]
[312, 63, 49]
[328, 57, 72]
[320, 63, 59]
[313, 79, 58]
[305, 80, 50]
[300, 92, 48]
[291, 83, 55]
[284, 91, 58]
[258, 89, 47]
[253, 119, 56]
[234, 114, 43]
[216, 103, 40]
